1316044800 -7.65591
1316131200 -7.50822
1316217600 -5.6127
1316304000 0.411523
1316390400 1.02146
1316476800 -0.407333
1316563200 14.4189
1316649600 0
1316736000 1.05449
1316822400 0
1316908800 -0.701757
1316995200 6.3107
1317081600 -23.1442
1317168000 2.46926
1317254400 -2.05346
1317340800 0
1317427200 0
1317513600 0
1317600000 0
1317686400 1.032
1317772800 2.2336
1317859200 -1.21214
1317945600 -2.46926
1318032000 -4.03881
1318118400 -14.4437
1318204800 -2.53821
1318291200 14.7888
1318377600 -9.53102
1318464000 -4.23475
1318550400 1.01267
1318636800 1.99508
1318723200 0
1318809600 0
1318896000 -3.26252
1318982400 0
1319068800 0
1319155200 0
1319241600 1.3304
1319328000 0
1319414400 0
1319500800 25.1804
1319587200 -7.09517
1319673600 -1.10907
1319760000 0
1319846400 0
1319932800 -6.13689
1320019200 -12.0953
1320105600 -5.88405
1320192000 0.904984
1320278400 0
1320364800 0
1320451200 6.39753
1320537600 -16.8335
1320624000 -1.68071
1320710400 0
1320796800 4.31244
1320883200 6.89929
1320969600 0
1321056000 0
1321142400 1.50379
1321228800 0
1321315200 -30.4742
1321401600 1.20726
1321488000 18.2322
1321574400 -0.33389
1321660800 -17.8983
1321747200 -2.83995
1321833600 -2.50013
1321920000 -5.19597
1322006400 14.0728
1322092800 0
1322179200 14.6954
1322265600 -8.70114
1322352000 0.724641
1322438400 0
1322524800 -4.05212
1322611200 2.23058
1322697600 15.9389
1322784000 6.96196
1322870400 -11.7783
1322956800 -3.68551
1323043200 0
1323129600 0
1323216000 1.69209
1323302400 10.1999
1323388800 0
1323475200 0
1323561600 -3.07717
1323648000 2.16392
1323734400 6.22423
1323820800 2.27283
1323907200 -2.5606
1323993600 -0.578036
1324080000 -0.290276
1324166400 0
1324252800 1.72915
1324339200 9.53102
1324425600 16.7054
1324512000 -3.80785
1324598400 -4.91327
1324684800 1.19191
1324771200 2.57324
1324857600 -1.39537
1324944000 1.39537
1325030400 -0.928081
1325116800 0.232829
1325203200 4.54624
1325289600 -6.66147
1325376000 8.42364
1325462400 8.77389
1325548800 0
1325635200 5.63803
1325721600 5.15768
1325808000 17.7222
1325894400 -10.2857
1325980800 12.5163
1326067200 2.89875
1326153600 -10.5361
1326240000 12.5163
1326326400 -1.98026
1326412800 -7.25707
1326499200 1.37302
1326585600 -4.652
1326672000 12.6563
1326758400 -0.701757
1326844800 -16.8335
1326931200 16.8335
1327017600 -13.2325
1327104000 11.0972
1327190400 -2.62406
1327276800 0.294985
1327363200 -4.05766
1327449600 0.459067
1327536000 -3.73294
1327622400 -13.7388
1327708800 6.68087
1327795200 -18.0283
1327881600 11.3474
1327968000 1.44407
1328054400 -5.1482
1328140800 10.385
1328227200 6.58132
1328313600 0.317965
1328400000 -5.88405
1328486400 -5.89425
1328572800 0
1328659200 1.59437
1328745600 3.11444
1328832000 0.340136
1328918400 -0.169924
1329004800 -6.68087
1329091200 3.0441
1329177600 2.09432
1329264000 -16.894
1329350400 -4.17597
1329436800 -3.91354
1329523200 3.48619
1329609600 -9.89571
1329696000 3.48467
1329782400 1.36057
1329868800 3.10446
1329955200 -1.54018
1330041600 14.62
1330128000 -5.31098
1330214400 1.00503
1330300800 -0.400802
1330387200 1.19762
1330473600 -3.22609
1330560000 2.22907
1330646400 0.2002
1330732800 -4.29075
1330819200 -2.96632
1330905600 3.38299
1330992000 5.06694
1331078400 -1.59366
1331164800 -1.00909
1331251200 1.60969
1331337600 -1.60969
1331424000 0.202634
1331510400 1.20726
1331596800 -0.2002
1331683200 6.02709
1331769600 -0.567646
1331856000 2.2515
1331942400 -2.44144
1332028800 2.99648
1332115200 -3.18677
1332201600 -8.33816
1332288000 -0.831606
1332374400 3.48753
1332460800 -1.01318
1332547200 -2.68334
1332633600 1.04059
1332720000 -6.19195
1332806400 4.09982
1332892800 2.29895
1332979200 1.84243
1333065600 -1.84243
1333152000 0.82305
1333238400 0.408999
1333324800 -0.20429
1333411200 3.02138
1333497600 -0.997017
1333584000 0.400001
1333670400 -0.1998
1333756800 -0.2002
1333843200 -5.98734
1333929600 1.26852
1334016000 -0.210305
1334102400 1.04713
1334188800 2.46926
1334275200 0.203046
1334361600 0
1334448000 0.606675
1334534400 0.603017
1334620800 -0.200602
1334707200 0
1334793600 3.55067
1334880000 -0.583092
1334966400 4.75827
1335052800 -2.63669
1335139200 -1.34488
1335225600 -3.34348
1335312000 1.58733
1335398400 1.17418
1335484800 -3.16232
1335571200 1.19762
1335657600 -2.61321
1335744000 0
1335830400 1.8164
1335916800 -0.601807
1336003200 1.79466
1336089600 0.787406
1336176000 -0.589972
1336262400 -0.593474
1336348800 0.790518
1336435200 -0.592302
1336521600 -0.595831
1336608000 0
1336694400 -3.0336
1336780800 1.62936
1336867200 -0.811363
1336953600 0.609139
1337040000 -0.202634
1337126400 0.404859
1337212800 1.80185
1337299200 -0.397615
1337385600 0.991088
1337472000 0
1337558400 -0.792083
1337644800 0.989128
1337731200 -0.989128
1337817600 1.38206
1337904000 0.39139
1337990400 -0.784318
1338076800 -0.197044
1338163200 0
1338249600 0
1338336000 0.785859
1338422400 0.585368
1338508800 0.581961
1338595200 0.962471
1338681600 -0.57637
1338768000 0
1338854400 0.57637
1338940800 2.83305
1339027200 0.742118
1339113600 2.19387
1339200000 1.43629
1339286400 -2.34456
1339372800 -1.10093
1339459200 1.8282
1339545600 3.38412
1339632000 2.59306
1339718400 0.680275
1339804800 8.44658
1339891200 -0.155885
1339977600 -3.49242
1340064000 -2.12253
1340150400 6.39195
1340236800 2.74826
1340323200 0
1340409600 -0.755861
1340496000 -2.14732
1340582400 -0.778214
1340668800 -2.21178
1340755200 2.36791
1340841600 1.24033
1340928000 0.153965
1341014400 0.30722
1341100800 1.37093
1341187200 -1.37093
1341273600 1.37093
1341360000 -2.60551
1341446400 0
1341532800 2.45411
1341619200 -0.15163
1341705600 2.98976
1341792000 -0.88758
1341878400 3.07266
1341964800 1.99721
1342051200 0.843887
1342137600 6.11188
1342224000 0
1342310400 -0.528403
1342396800 0.26455
1342483200 9.20624
1342569600 2.96758
1342656000 5.12933
1342742400 -2.70287
1342828800 -3.72136
1342915200 3.49279
1343001600 -3.73004
1343088000 1.99889
1343174400 0.232558
1343260800 0.347826
1343347200 1.26511
1343433600 0.910131
1343520000 0.564654
1343606400 -1.93298
1343692800 3.27528
1343779200 3.0637
1343865600 1.81532
1343952000 9.96298
1344038400 3.29752
1344124800 -2.62926
1344211200 1.88507
1344297600 1.20651
1344384000 -0.833724
1344470400 2.208
1344556800 0.0909504
1344643200 2.86758
1344729600 0.528636
1344816000 0.961966
1344902400 3.42206
1344988800 2.98282
1345075200 6.01924
1345161600 3.10278
1345248000 -7.10175
1345334400 -7.99094
1345420800 -35.8906
1345507200 22.0659
1345593600 1.28524
1345680000 -2.18479
1345766400 0.600602
1345852800 3.43339
1345939200 1.91028
1346025600 -2.49055
1346112000 4.45783
1346198400 2.02027
1346284800 -2.02027
1346371200 -1.21327
1346457600 -4.71015
1346544000 -2.49141
1346630400 2.68807
1346716800 3.57008
1346803200 -1.81736
1346889600 5.90335
1346976000 0.272604
1347062400 0.090703
1347148800 -0.545456
1347235200 0.0911162
1347321600 -0.273598
1347408000 0.818558
1347494400 0.901719
1347580800 1.42605
1347667200 1.75443
1347753600 1.12409
1347840000 1.02653
1347926400 0.847463
1348012800 0.505052
1348099200 3.38456
1348185600 -0.325204
1348272000 -0.735598
1348358400 -1.82124
1348444800 0.166945
1348531200 -0.753457
1348617600 -1.26852
1348704000 3.75827
1348790400 0.1638
1348876800 0.489797
1348963200 0
1349049600 -0.489797
1349136000 -0.656817
1349222400 4.03606
1349308800 2.03609
1349395200 -2.59143
1349481600 -0.558438
1349568000 -0.883895
1349654400 -5.64465
1349740800 -0.771543
1349827200 3.13452
1349913600 2.06363
1350000000 -1.23306
1350086400 -1.58403
1350172800 -0.421053
1350259200 -0.507615
1350345600 -1.10875
1350432000 2.20535
1350518400 -0.336135
1350604800 -0.675678
1350691200 -1.10781
1350777600 -0.601635
1350864000 -2.4434
1350950400 1.4906
1351036800 0.780238
1351123200 -1.56661
1351209600 -7.74875
1351296000 -5.35408
1351382400 4.21012
1351468800 1.04913
1351555200 2.43686
1351641600 0
1351728000 1.83491
1351814400 -1.37302
1351900800 -1.6729
1351987200 -0.0937647
1352073600 -0.187793
1352160000 1.30721
1352246400 -0.371748
1352332800 0.557105
1352419200 0.0925498
1352505600 -0.0925498
1352592000 0.0925498
1352678400 0.0924642
1352764800 0.461043
1352851200 0
1352937600 0.915757
1353024000 0.726615
1353110400 3.64323
1353196800 0.955283
1353283200 -0.519932
1353369600 1.209
1353456000 0
1353542400 0.171527
1353628800 1.78349
1353715200 2.32956
1353801600 0.737406
1353888000 0.4886
1353974400 -0.897599
1354060800 -1.07129
1354147200 1.23509
1354233600 1.22002
1354320000 0.483872
1354406400 -0.726689
1354492800 0.646206
1354579200 1.43887
1354665600 -0.0793966
1354752000 4.7314
1354838400 1.87623
1354924800 -0.596571
1355011200 -0.0748223
1355097600 -0.52533
1355184000 0.0752163
1355270400 0.375235
1355356800 1.04323
1355443200 0.22214
1355529600 -0.0739919
1355616000 -0.96691
1355702400 -0.825521
1355788800 -0.528902
1355875200 -0.531714
1355961600 2.0355
1356048000 -0.373832
1356134400 -1.12996
1356220800 0
1356307200 -0.455582
1356393600 0.682597
1356480000 0.0755572
1356566400 -0.454202
1356652800 0.15163
1356739200 -0.15163
1356825600 0.303031
1356912000 -0.1514
1356998400 0.302572
1357084800 -0.151172
1357171200 -0.988225
1357257600 0.761039
1357344000 0
1357430400 -0.303721
1357516800 0
1357603200 0.379507
1357689600 2.24729
1357776000 0.590844
1357862400 3.04592
1357948800 0
1358035200 -0.788817
1358121600 -1.81625
1358208000 3.31681
1358294400 0.706717
1358380800 2.29735
1358467200 5.55513
1358553600 1.35793
1358640000 -1.2278
1358726400 0.777206
1358812800 6.37317
1358899200 4.90207
1358985600 0.860837
1359072000 -1.20726
1359158400 1.1501
1359244800 0
1359331200 0.626961
1359417600 5.90191
1359504000 3.57745
1359590400 0.515465
1359676800 5.06247
1359763200 -0.539085
1359849600 -2.63894
1359936000 2.34366
1360022400 0.0492732
1360108800 0.9804
1360195200 1.98026
1360281600 3.75455
1360368000 3.1288
1360454400 3.25018
1360540800 2.39123
1360627200 1.00757
1360713600 6.19506
1360800000 -1.86255
1360886400 9.16672
1360972800 -1.47061
1361059200 1.83491
1361145600 -1.90902
1361232000 -0.222635
1361318400 8.7785
1361404800 2.05429
1361491200 0
1361577600 1.32452
1361664000 -2.86973
1361750400 0.809175
1361836800 2.15919
1361923200 2.17789
1362009600 0.672972
1362096000 6.8503
1362182400 2.9967
1362268800 -1.13522
1362355200 0.496424
1362441600 6.18404
1362528000 10.9596
1362614400 3.78039
1362700800 -1.52384
1362787200 4.86988
1362873600 4.99212
1362960000 -1.55551
1363046400 6.33096
1363132800 -7.32952
1363219200 4.68342
1363305600 -0.0851607
1363392000 -0.106553
1363478400 -0.341735
1363564800 1.06407
1363651200 6.37576
1363737600 16.5464
1363824000 7.75406
1363910400 11.7852
1363996800 -3.27898
1364083200 -8.97463
1364169600 9.43138
1364256000 6.73205
1364342400 6.06951
1364428800 11.2353
1364515200 -0.877297
1364601600 1.65812
1364688000 2.31738
1364774400 4.2926
1364860800 8.51896
1364947200 10.2491
1365033600 14.2606
1365120000 0.907812
1365206400 4.91428
1365292800 -0.565772
1365379200 15.7004
1365465600 11.783
1365552000 21.0128
1365638400 -34.6126
1365724800 0
1365811200 27.5923
1365897600 -19.4884
1365984000 0.738092
1366070400 -20.8002
1366156800 -8.32347
1366243200 27.8757
1366329600 19.4509
1366416000 7.41276
1366502400 7.24135
1366588800 -6.31119
1366675200 4.0657
1366761600 10.3913
1366848000 8.18508
1366934400 -4.88237
1367020800 -3.29543
1367107200 -6.39075
1367193600 4.90859
1367280000 5.76634
1367366400 -2.42252
1367452800 -18.075
1367539200 -8.89833
1367625600 -8.52681
1367712000 13.8236
1367798400 3.44726
1367884800 -3.36738
1367971200 -2.43378
1368057600 2.83224
1368144000 -1.06611
1368230400 5.16951
1368316800 -2.45569
1368403200 -0.470507
1368489600 1.29292
1368576000 -8.06751
1368662400 1.80602
1368748800 3.95913
1368835200 2.93832
1368921600 1.4965
1369008000 -1.79679
1369094400 0.145967
1369180800 0.811797
1369267200 1.36091
1369353600 3.8943
1369440000 3.81051
1369526400 0.248428
1369612800 0.410106
1369699200 -2.54168
1369785600 -0.261728
1369872000 3.45764
1369958400 -2.75332
1370044800 0.863699
1370131200 0.670098
1370217600 -4.58435
1370304000 0.178702
1370390400 -2.17409
1370476800 0.521158
1370563200 -2.0169
1370649600 -7.51577
1370736000 -0.975884
1370822400 -8.54878
1370908800 3.96353
1370995200 2.96836
1371081600 -0.747947
1371168000 -4.37354
1371254400 -2.9752
1371340800 0.413245
1371427200 -0.0503043
1371513600 0.631993
1371600000 4.40169
1371686400 0.705638
1371772800 -2.53081
1371859200 -0.792529
1371945600 -1.78399
1372032000 0.409162
1372118400 -0.940571
1372204800 -1.6216
1372291200 0.915385
1372377600 -2.52218
1372464000 -6.8207
1372550400 -1.09535
1372636800 0.616214
1372723200 -5.78222
1372809600 4.05853
1372896000 -13.3402
1372982400 3.05631
1373068800 -17.0851
1373155200 -0.885426
1373241600 10.8867
1373328000 0.579634
1373414400 0.81655
1373500800 13.8933
1373587200 1.08471
1373673600 3.42955
1373760000 1.64984
1373846400 -1.80522
1373932800 4.08087
1374019200 -2.40663
1374105600 -0.635549
1374192000 -6.45898
1374278400 1.43201
1374364800 -1.71383
1374451200 1.04113
1374537600 -0.384773
1374624000 1.59929
1374710400 1.642
1374796800 1.94877
1374883200 -0.233191
1374969600 -2.01006
1375056000 5.0323
1375142400 0.730793
1375228800 3.34839
1375315200 1.75524
1375401600 -1.70348
1375488000 -0.800129
1375574400 -0.31348
1375660800 0.864904
1375747200 1.47281
1375833600 -0.122762
1375920000 -0.616082
1376006400 -2.95815
1376092800 -2.13379
1376179200 1.33493
1376265600 0.618339
1376352000 1.33026
1376438400 2.89426
1376524800 1.05403
1376611200 -1.12537
1376697600 0.173178
1376784000 1.47507
1376870400 -0.41204
1376956800 3.5126
1377043200 1.94499
1377129600 5.16603
1377216000 -1.19336
1377302400 -1.3563
1377388800 1.38379
1377475200 3.57261
1377561600 -1.08436
1377648000 5.09581
1377734400 0.135789
1377820800 0.499134
1377907200 5.22801
1377993600 2.48372
1378080000 2.05683
1378166400 -0.39109
1378252800 -0.748085
1378339200 -5.05683
1378425600 -0.252742
1378512000 -4.02269
1378598400 1.90241
1378684800 -1.33464
1378771200 2.78328
1378857600 0.32
1378944000 4.39138
1379030400 -0.92152
1379116800 1.04688
1379203200 -2.55367
1379289600 0.696421
1379376000 0.723287
1379462400 0.51345
1379548800 0.063012
1379635200 -2.2455
1379721600 -1.02797
1379808000 0.389769
1379894400 -0.0972999
1379980800 -0.520538
1380067200 0.99802
1380153600 -0.493708
1380240000 1.28181
1380326400 1.67604
1380412800 -0.323484
1380499200 0.370736
1380585600 -0.600176
1380672000 0.851807
1380758400 -20.3835
1380844800 12.4597
1380931200 3.5985
1381017600 -0.608705
1381104000 1.05873
1381190400 0.821176
1381276800 0.508825
1381363200 1.41585
1381449600 0.71231
1381536000 0.45637
1381622400 0.469926
1381708800 3.71208
1381795200 1.93862
1381881600 5.27838
1381968000 -3.71047
1382054400 4.53364
1382140800 6.03222
1382227200 8.22691
1382313600 0.354792
1382400000 7.81431
1382486400 5.20286
1382572800 7.21184
1382659200 -5.0638
1382745600 -3.82205
1382832000 -3.84579
1382918400 7.73487
1383004800 1.34148
1383091200 4.02237
1383177600 -3.55555
1383264000 2.99215
1383350400 -0.685255
1383436800 1.33168
1383523200 2.47807
1383609600 7.70933
1383696000 6.8449
1383782400 8.04163
1383868800 10.0257
1383955200 13.7818
1384041600 2.1445
1384128000 -5.49337
1384214400 6.27277
1384300800 3.16251
1384387200 10.3076
1384473600 5.78852
1384560000 -1.1943
1384646400 5.32416
1384732800 9.40478
1384819200 33.7486
1384905600 -22.1646
1384992000 11.1109
1385078400 18.399
1385164800 9.90909
1385251200 4.2059
1385337600 -3.57769
1385424000 2.20914
1385510400 11.3628
1385596800 5.07267
1385683200 4.95812
1385769600 11.1081
1385856000 -1.10771
1385942400 -15.8944
1386028800 9.24217
1386115200 0.716303
1386201600 7.0454
1386288000 -10.0405
1386374400 -22.8267
1386460800 -16.1615
1386547200 12.6765
1386633600 13.4055
1386720000 8.44829
1386806400 -10.7936
1386892800 -0.893587
1386979200 1.96064
1387065600 -4.33473
1387152000 1.31017
1387238400 -22.1115
1387324800 -2.34271
1387411200 -26.0884
1387497600 27.559
1387584000 -11.596
1387670400 -2.48471
1387756800 2.91983
1387843200 6.64586
1387929600 -0.270694
1388016000 3.9074
1388102400 9.54293
1388188800 -3.53151
1388275200 -0.846755
1388361600 1.80185
1388448000 1.16218
1388534400 -0.61423
1388620800 3.08048
1388707200 3.8066
1388793600 3.16419
1388880000 2.36736
1388966400 8.79681
1389052800 1.56123
1389139200 -15.7864
1389225600 4.78191
1389312000 0.15896
1389398400 3.32098
1389484800 5.02964
1389571200 -6.03869
1389657600 -2.52555
1389744000 -0.85541
1389830400 3.0356
1389916800 -3.23065
1390003200 -2.13461
1390089600 1.59287
1390176000 3.88289
1390262400 -1.92442
1390348800 -0.136894
1390435200 -0.692179
1390521600 -0.882791
1390608000 -4.02064
1390694400 3.37819
1390780800 0.980551
1390867200 -8.02115
1390953600 4.68283
1391040000 0.784982
1391126400 0.725132
1391212800 0.375549
1391299200 1.26593
1391385600 0.216187
1391472000 -0.799516
1391558400 -0.683842
1391644800 -2.60656
1391731200 -2.37219
1391817600 -8.03427
1391904000 -3.53989
1391990400 1.00596
1392076800 0.0639916
1392163200 -1.86518
1392249600 -3.48316
1392336000 -7.62729
1392422400 10.2028
1392508800 -1.98825
1392595200 -5.45705
1392681600 2.01815
1392768000 -0.945019
1392854400 -0.749978
1392940800 -10.331
1393027200 3.41003
1393113600 4.95476
1393200000 -0.129405
1393286400 -13.0424
1393372800 -0.0915469
1393459200 8.97553
1393545600 -0.383483
1393632000 -5.50015
1393718400 2.80198
1393804800 -0.218749
1393891200 17.9672
1393977600 -0.694463
1394064000 -0.448254
1394150400 -0.0627072
1394236800 -5.64971
1394323200 -2.04191
1394409600 3.17487
1394496000 -1.67171
1394582400 0.429651
1394668800 0.449865
1394755200 0.94988
1394841600 -1.66588
1394928000 1.07601
1395014400 -0.35371
1395100800 -2.21011
1395187200 -1.47759
1395273600 -0.130804
1395360000 -3.87313
1395446400 -3.10566
1395532800 -0.826211
1395619200 -0.765335
1395705600 4.35818
1395792000 -0.379565
1395878400 -0.391329
1395964800 -20.2279
1396051200 5.53052
1396137600 -2.01616
1396224000 -6.72319
1396310400 -1.13467
1396396800 5.17791
1396483200 -8.71594
1396569600 2.70344
1396656000 0.25907
1396742400 2.74826
1396828800 -1.85225
1396915200 -2.02801
1397001600 1.4345
1397088000 -2.65413
1397174400 -19.593
1397260800 15.2694
1397347200 0.0992415
1397433600 -1.69584
1397520000 9.65541
1397606400 12.779
1397692800 1.7127
1397779200 -5.80889
1397865600 -3.45437
1397952000 4.1935
1398038400 -0.757127
1398124800 -0.654135
1398211200 -1.36614
1398297600 0.407333
1398384000 2.05197
1398470400 -7.36976
1398556800 -1.62507
1398643200 -6.5265
1398729600 2.95588
1398816000 1.14492
1398902400 0.189552
1398988800 2.66442
1399075200 -1.41351
1399161600 -3.46985
1399248000 -0.218918
1399334400 -1.15725
1399420800 -1.15912
1399507200 2.76282
1399593600 -0.526383
1399680000 3.29895
1399766400 0.665377
1399852800 -3.43795
1399939200 0.566574
1400025600 -0.766774
1400112000 1.55462
1400198400 0
1400284800 0.293291
1400371200 0.390464
1400457600 -0.479928
1400544000 0.319464
1400630400 8.68106
1400716800 1.01325
1400803200 7.03631
1400889600 -1.18055
1400976000 0.887661
1401062400 8.25259
1401148800 1.38091
1401235200 -1.59022
1401321600 1.38034
1401408000 -1.43798
1401494400 8.15454
1401580800 1.08906
1401667200 0.506837
1401753600 4.67966
1401840000 1.1548
1401926400 -4.32449
1402012800 3.20901
1402099200 -2.18862
1402185600 1.52883
1402272000 0.132306
1402358400 -1.40342
1402444800 -0.0431639
1402531200 -4.42135
1402617600 -8.49243
1402704000 3.79054
1402790400 -4.38883
1402876800 3.80436
1402963200 -0.27904
1403049600 3.28003
1403136000 0.0857039
1403222400 -2.26601
1403308800 -0.910775
1403395200 0.554563
1403481600 1.51896
1403568000 -2.03951
1403654400 -2.68787
1403740800 -2.15715
1403827200 3.436
1403913600 3.39021
1404000000 -1.75365
1404086400 1.73698
1404172800 6.64547
1404259200 -0.447099
1404345600 1.90112
1404432000 -0.695727
1404518400 -2.66528
1404604800 0.158856
1404691200 0.0904353
1404777600 -1.35394
1404864000 0.303354
1404950400 -0.322646
1405036800 -0.823356
1405123200 2.89667
1405209600 0.487001
1405296000 -1.13793
1405382400 -1.55109
1405468800 0.27812
1405555200 -0.97439
1405641600 0.861949
1405728000 1.65767
1405814400 -0.629546
1405900800 -0.259631
1405987200 -0.68335
1406073600 -0.720396
1406160000 0.4422
1406246400 -3.16386
1406332800 0.21086
1406419200 -1.11746
1406505600 -0.999562
1406592000 -0.640706
1406678400 -0.0989356
1406764800 -3.84639
1406851200 3.17687
1406937600 2.7386
1407024000 -1.44978
1407110400 -0.106911
1407196800 -0.0781343
1407283200 -1.15189
1407369600 -0.103189
1407456000 0.802061
1407542400 0.371425
1407628800 -0.00850347
1407715200 0.507241
1407801600 -2.91538
1407888000 -1.27821
1407974400 -3.20601
1408060800 -7.72905
1408147200 -1.53538
1408233600 4.25021
1408320000 -4.93018
1408406400 -4.45304
1408492800 3.46602
1408579200 4.84242
1408665600 0.558094
1408752000 -0.895618
1408838400 -3.4897
1408924800 2.15961
1409011200 -0.796707
1409097600 2.07821
1409184000 -0.493049
1409270400 -1.1534
1409356800 0.650056
1409443200 -1.67306
1409529600 -4.45226
1409616000 -0.943819
1409702400 -0.00842957
1409788800 0.082158
1409875200 2.60635
1409961600 -2.02684
1410048000 0.444942
1410134400 -0.910801
1410220800 -1.50465
1410307200 1.0345
1410393600 0.709648
1410480000 -0.140687
1410566400 -0.269326
1410652800 0.705441
1410739200 -0.522304
1410825600 -1.27415
1410912000 -1.59962
1410998400 -2.17269
1411084800 -6.17921
1411171200 -7.10286
1411257600 3.20676
1411344000 -2.27893
1411430400 0.130062
1411516800 9.27915
1411603200 -3.54526
1411689600 -3.58503
1411776000 -1.27782
1411862400 -0.447017
1411948800 -6.80209
1412035200 -0.306851
1412121600 4.41473
1412208000 -1.60581
1412294400 -2.68073
1412380800 -4.34744
1412467200 -9.50565
1412553600 -0.828041
1412640000 1.55498
1412726400 1.87226
1412812800 6.06387
1412899200 2.30093
1412985600 -0.860814
1413072000 0.307101
1413158400 4.35409
1413244800 3.76061
1413331200 2.70878
1413417600 -2.22092
1413504000 -2.71575
1413590400 -0.0781657
1413676800 1.79277
1413763200 -0.786515
1413849600 -1.64429
1413936000 1.19946
1414022400 -0.981971
1414108800 -6.72855
1414195200 0.469248
1414281600 -2.87491
1414368000 1.84414
1414454400 -1.46915
1414540800 1.96906
1414627200 -6.14058
1414713600 3.06254
1414800000 -2.3827
1414886400 -4.01146
1414972800 -0.104767
1415059200 0.350845
1415145600 1.43966
1415232000 2.44104
1415318400 3.37351
1415404800 -2.26261
1415491200 0.939575
1415577600 5.45928
1415664000 0.454049
1415750400 1.14507
1415836800 14.0682
1415923200 -1.3474
1416009600 -5.1052
1416096000 -5.91959
1416182400 3.3569
1416268800 -0.558165
1416355200 -3.36001
1416441600 1.10094
1416528000 -6.13653
1416614400 -1.48942
1416700800 0.545208
1416787200 3.9017
1416873600 2.37376
1416960000 0.366359
1417046400 -2.37854
1417132800 0.400824
1417219200 1.84248
1417305600 -0.364193
1417392000 0.403987
1417478400 -0.127399
1417564800 0.790957
1417651200 -1.11017
1417737600 -1.65755
1417824000 1.8359
1417910400 -0.431782
1417996800 0.766328
1418083200 -4.3226
1418169600 -2.59922
1418256000 -1.95635
1418342400 1.06324
1418428800 0.952741
1418515200 -0.161953
1418601600 1.36971
1418688000 -2.13184
1418774400 -5.88622
1418860800 -2.16582
1418947200 -2.94032
1419033600 1.79403
1419120000 4.14137
1419206400 -3.615
1419292800 3.54565
1419379200 1.60367
1419465600 -4.20074
1419552000 -0.995466
1419638400 2.5953
1419724800 -3.6608
1419811200 0.369022
1419897600 -1.46835
1419984000 -0.621717
1420070400 3.14232
1420156800 -2.26534
1420243200 0.511738
1420329600 -11.9115
1420416000 -5.88405
1420502400 4.73461
1420588800 0
1420675200 0
1420761600 0
1420848000 6.01825
1420934400 -6.45635
1421020800 -3.41406
1421107200 0.404677
1421193600 -16.387
1421280000 -27.7456
1421366400 20.4269
1421452800 -1.4081
1421539200 -4.09161
1421625600 5.91123
1421712000 2.09728
1421798400 -2.66533
1421884800 7.54566
1421971200 3.00083
1422057600 -0.188147
1422144000 6.44342
1422230400 2.42628
1422316800 7.35651
1422403200 -4.01702
1422489600 -11.1745
1422576000 -0.118679
1422662400 -2.93069
1422748800 -5.41982
1422835200 4.52052
1422921600 4.96019
1423008000 -4.49417
1423094400 -0.435175
1423180800 -4.59286
1423267200 2.98082
1423353600 2.1831
1423440000 -1.95504
1423526400 -1.34001
1423612800 -0.217529
1423699200 -0.395482
1423785600 1.55918
1423872000 6.08884
1423958400 8.0977
1424044800 -8.67744
1424131200 -0.395468
1424217600 4.17249
1424304000 -3.04129
1424390400 1.34741
1424476800 2.01212
1424563200 -0.0285196
1424649600 -3.69821
1424736000 1.32313
1424822400 -0.0417362
1424908800 -0.661755
1424995200 -0.475981
1425081600 6.51347
1425168000 0.272593
1425254400 1.90311
1425340800 6.224
1425427200 2.18381
1425513600 -3.7048
1425600000 0.849473
1425686400 -0.150246
1425772800 1.46711
1425859200 -0.619893
1425945600 4.31291
1426032000 0.998068
1426118400 2.23012
1426204800 -0.415646
1426291200 -4.16958
1426377600 -0.438737
1426464000 1.66682
1426550400 0.874975
1426636800 -2.26206
1426723200 -9.78062
1426809600 2.06853
1426896000 0.0572771
1426982400 -0.751019
1427068800 2.93347
1427155200 -0.674564
1427241600 -8.20125
1427328000 0.788718
1427414400 0.923077
1427500800 -0.518938
1427587200 1.96887
1427673600 -4.39378
1427760000 2.42894
1427846400 -1.50758
1427932800 0.998114
1428019200 2.63631
1428105600 0.358642
1428192000 -0.192955
1428278400 2.66039
1428364800 -1.92209
1428451200 -0.730418
1428537600 -3.66888
1428624000 -0.471303
1428710400 -3.104
1428796800 0.0677765
1428883200 0.148101
1428969600 -5.8104
1429056000 -3.34921
1429142400 3.22815
1429228800 2.05167
1429315200 -2.17738
1429401600 0.336361
1429488000 -0.363319
1429574400 0.787758
1429660800 4.97451
1429747200 -0.976158
1429833600 1.07791
1429920000 -2.46248
1430006400 -1.80564
1430092800 -2.96225
1430179200 3.45194
1430265600 -0.915146
1430352000 0.14202
1430438400 4.64474
1430524800 -2.22612
1430611200 1.21766
1430697600 2.18692
1430784000 -0.276533
1430870400 -1.36022
1430956800 -2.86036
1431043200 3.6019
1431129600 2.63727
1431216000 -0.511173
1431302400 -1.17651
1431388800 0.903364
1431475200 -0.111957
1431561600 -2.12167
1431648000 0.490384
1431734400 0.101159
1431820800 -0.723002
1431907200 0.131459
1431993600 -1.32243
1432080000 -0.633254
1432166400 1.30092
1432252800 0.242848
1432339200 1.68362
1432425600 -0.515995
1432512000 0.612187
1432598400 -1.52906
1432684800 0.050923
1432771200 -0.229358
1432857600 0.54704
1432944000 -0.182014
1433030400 -1.67475
1433116800 -1.38825
1433203200 -2.38728
1433289600 0.744393
1433376000 -0.40494
1433462400 -0.572376
1433548800 0.630325
1433635200 0.262578
1433721600 -1.02304
1433808000 2.42654
1433894400 0.232014
1433980800 -0.394305
1434067200 0.586512
1434153600 0.113403
1434240000 0.971724
1434326400 0.194079
1434412800 1.63675
1434499200 5.83281
1434585600 -0.936032
1434672000 0.257981
1434758400 -1.91024
1434844800 0.434018
1434931200 -0.458641
1435017600 0.959916
1435104000 -0.91888
1435190400 -1.46718
1435276800 0.74248
1435363200 0.412406
1435449600 3.33101
1435536000 -1.03636
1435622400 2.94081
1435708800 2.49174
1435795200 -1.87655
1435881600 -1.20276
1435968000 0.54069
1436054400 1.65857
1436140800 4.25116
1436227200 -1.1074
1436313600 -1.12357
1436400000 1.91001
1436486400 -0.633864
1436572800 5.88819
1436659200 2.22243
1436745600 6.28248
1436832000 -5.92651
1436918400 -1.76831
1437004800 -0.655946
1437091200 -2.76119
1437177600 0.552646
1437264000 -0.949272
1437350400 -0.478037
1437436800 1.25538
1437523200 -0.788185
1437609600 0.331867
1437696000 -0.38608
1437782400 4.38527
1437868800 -0.0796137
1437955200 1.51557
1438041600 0.374481
1438128000 -0.0951895
1438214400 -1.42502
1438300800 -0.636835
1438387200 -1.28597
1438473600 -1.46676
1438560000 0.757323
1438646400 -0.671704
1438732800 1.6165
1438819200 -1.3672
1438905600 -1.30683
1438992000 0.771844
1439078400 -6.43979
1439164800 1.08491
1439251200 -0.272016
1439337600 2.54739
1439424000 -1.26932
1439510400 -1.22134
1439596800 0.347249
1439683200 -1.49568
1439769600 -2.06743
1439856000 0.140466
1439942400 -13.1801
1440028800 0.938641
1440115200 3.72832
1440201600 -0.87415
1440288000 -1.07215
1440374400 -0.917617
1440460800 -8.74682
1440547200 5.86143
1440633600 1.5262
1440720000 -0.314933
1440806400 2.87273
1440892800 -0.480323
1440979200 -0.670238
1441065600 0.374842
1441152000 -0.830025
1441238400 0.533755
1441324800 -0.832498
1441411200 1.41549
1441497600 2.17978
1441584000 1.96695
1441670400 -0.0374633
1441756800 1.65982
1441843200 -2.42883
1441929600 0.129976
1442016000 0.559898
1442102400 -2.19474
1442188800 -2.20915
1442275200 0.078346
1442361600 0.0826321
1442448000 -0.737399
1442534400 1.66341
1442620800 0.408348
1442707200 -1.3474
1442793600 0.069541
1442880000 -1.75762
1442966400 1.87052
1443052800 -0.434935
1443139200 1.91683
1443225600 0.57986
1443312000 -0.601243
1443398400 -0.600577
1443484800 2.85461
1443571200 -0.924221
1443657600 -0.312804
1443744000 0.401395
1443830400 0.261097
1443916800 0.495051
1444003200 -0.146582
1444089600 0.93443
1444176000 2.35131
1444262400 -1.37618
1444348800 -0.123431
1444435200 0.648367
1444521600 0.501847
1444608000 0.947836
1444694400 -0.907146
1444780800 1.58215
1444867200 1.09121
1444953600 0.796911
1445040000 3.32346
1445126400 2.6185
1445212800 -3.39692
1445299200 0.994843
1445385600 2.61291
1445472000 -1.02131
1445558400 2.6958
1445644800 1.22426
1445731200 1.51043
1445817600 0.395202
1445904000 1.03003
1445990400 2.96705
1446076800 3.37019
1446163200 2.9495
1446249600 4.29923
1446336000 -5.78406
1446422400 4.90695
1446508800 10.3376
1446595200 11.1965
1446681600 0.970379
1446768000 -5.6726
1446854400 -2.90295
1446940800 2.39062
1447027200 -2.87782
1447113600 1.399
1447200000 -11.514
1447286400 -8.32073
1447372800 8.43053
1447459200 -0.0533998
1447545600 -1.19108
1447632000 -4.2074
1447718400 3.55362
1447804800 1.57446
1447891200 -0.128028
1447977600 -2.91102
1448064000 -1.2283
1448150400 1.37542
1448236800 -0.706934
1448323200 -0.222332
1448409600 -1.17542
1448496000 2.83707
1448582400 7.1309
1448668800 1.10651
1448755200 -0.0532146
1448841600 3.98993
1448928000 1.39806
1449014400 -3.69076
1449100800 -1.15522
1449187200 0.702478
1449273600 0.606865
1449360000 6.4896
1449446400 0.0618365
1449532800 1.87041
1449619200 5.19668
1449705600 0.0743717
1449792000 -0.338719
1449878400 8.63293
1449964800 -3.79025
1450051200 -0.717855
1450137600 2.34827
1450224000 4.66441
1450310400 -1.88185
1450396800 0.0657866
1450483200 1.36945
1450569600 -0.142817
1450656000 -4.2601
1450742400 -1.01521
1450828800 -0.592984
1450915200 1.61272
1451001600 2.77214
1451088000 0.112025
1451174400 -8.73966
1451260800 1.04154
1451347200 -0.0711558
1451433600 2.4284
1451520000 -1.39451
1451606400 1.17891
1451692800 0.677686
1451779200 -0.0622572
1451865600 -0.580624
1451952000 0.723527
1452038400 -0.40157
1452124800 -0.665903
1452211200 6.1922
1452297600 -0.945374
1452384000 -0.856318
1452470400 -0.0111404
1452556800 -0.176184
1452643200 -2.99531
1452729600 -0.493418
1452816000 -0.716782
1452902400 -17.4913
1452988800 7.03673
1453075200 -1.75999
1453161600 1.3923
1453248000 -2.29069
1453334400 9.98458
1453420800 -1.62975
1453507200 -6.82973
1453593600 1.00137
1453680000 3.99769
1453766400 -2.83982
1453852800 0.222316
1453939200 0.808424
1454025600 -3.9246
1454112000 -0.40371
1454198400 -0.68448
1454284800 -1.92177
1454371200 0.89694
1454457600 0.332949
1454544000 -1.25974
1454630400 5.14263
1454716800 -0.729798
1454803200 -2.52778
1454889600 -0.103946
1454976000 -1.09666
1455062400 0.615502
1455148800 1.71616
1455235200 -0.443483
1455321600 1.38984
1455408000 1.99423
1455494400 3.52051
1455580800 -1.42241
1455667200 2.04025
1455753600 1.95134
1455840000 1.34814
1455926400 -0.390142
1456012800 3.53362
1456099200 0.886472
1456185600 -0.0524653
1456272000 -4.47256
1456358400 1.11049
1456444800 -0.0637326
1456531200 1.98485
1456617600 -0.21551
1456704000 0.141408
1456790400 0.819005
1456876800 -0.62923
1456963200 -2.36296
1457049600 -0.500778
1457136000 -2.96533
1457222400 -2.02522
1457308800 1.588
1457395200 1.89706
1457481600 -0.547376
1457568000 0.303122
1457654400 0.723767
1457740800 0.749587
1457827200 -1.98313
1457913600 0.519456
1458000000 0.470998
1458086400 0.207019
1458172800 0.17299
1458259200 0.459848
1458345600 -2.56064
1458432000 0.276639
1458518400 0.54613
1458604800 0.094781
1458691200 1.20005
1458777600 0.234939
1458864000 -0.588385
1458950400 0.127577
1459036800 0.302645
1459123200 1.85576
1459209600 -0.448304
1459296000 -1.64997
1459382400 -0.53273
1459468800 0.222115
1459555200 0.397127
1459641600 0.644074
1459728000 0.0262495
1459814400 -0.0859332
1459900800 0.941228
1459987200 -0.398227
1460073600 -0.244938
1460160000 -0.537154
1460246400 0.117226
1460332800 0.429451
1460419200 0.628911
1460505600 0.67199
1460592000 -0.37906
1460678400 0.219136
1460764800 1.07456
1460851200 0.288325
1460937600 -0.762144
1461024000 0.168311
1461110400 1.7343
1461196800 1.48107
1461283200 1.98634
1461369600 -0.734397
1461456000 0.938181
1461542400 1.77648
1461628800 0.500896
1461715200 1.09493
1461801600 -4.83004
1461888000 0.840679
1461974400 1.63198
1462060800 -1.80356
1462147200 1.02733
1462233600 -1.99324
1462320000 1.46425
1462406400 -0.887171
1462492800 0.417817
1462579200 2.2008
1462665600 -0.0894659
1462752000 0.0305583
1462838400 0.567992
1462924800 -2.01664
1463011200 0.285231
1463097600 0.504345
1463184000 0.155854
1463270400 -0.0746039
1463356800 0.435864
1463443200 -0.781083
1463529600 -0.202849
1463616000 -0.0353201
1463702400 -3.73854
1463788800 1.46074
1463875200 0.133178
1463961600 -1.02256
1464048000 0.950347
1464134400 0.22098
1464220800 1.05975
1464307200 0.748252
1464393600 4.32479
1464480000 9.56086
1464566400 -0.302724
1464652800 1.87479
1464739200 0.792846
1464825600 0.956229
1464912000 0.195358
1464998400 5.76725
1465084800 0.674981
1465171200 0.0191686
1465257600 1.82842
1465344000 -1.19791
1465430400 0.946094
1465516800 -1.38512
1465603200 0.520374
1465689600 5.38678
1465776000 9.69928
1465862400 4.70224
1465948800 -2.76904
1466035200 1.41281
1466121600 9.80794
1466208000 -2.83118
1466294400 1.28131
1466380800 0.871882
1466467200 -4.10031
1466553600 -9.06089
1466640000 -10.4505
1466726400 3.85137
1466812800 5.72198
1466899200 -0.27997
1466985600 -4.60539
1467072000 4.2471
1467158400 -1.75214
1467244800 -1.87009
1467331200 5.19909
1467417600 1.02919
1467504000 4.01117
1467590400 -6.50017
1467676800 3.29922
1467763200 -1.6913
1467849600 0.857378
1467936000 -5.56321
1468022400 3.81389
1468108800 -2.32239
1468195200 0.151172
1468281600 0.0862813
1468368000 2.16333
1468454400 -1.28322
1468540800 0.614843
1468627200 0.831009
1468713600 -0.324027
1468800000 2.5471
1468886400 -1.1009
1468972800 0.205116
1469059200 -0.962328
1469145600 -0.456793
1469232000 -2.13717
1469318400 0.853338
1469404800 0.903582
1469491200 -0.989047
1469577600 -0.569593
1469664000 0.343369
1469750400 -0.0627607
1469836800 0.276769
1469923200 -0.0320721
1470009600 -4.82534
1470096000 -2.84205
1470182400 -11.5888
1470268800 4.24562
1470355200 2.2308
1470441600 -0.632059
1470528000 2.92281
1470614400 0.505945
1470700800 -0.0996327
1470787200 -1.55456
1470873600 1.28218
1470960000 -0.859221
1471046400 0.117835
1471132800 -0.408747
1471219200 -2.56202
1471305600 -0.565984
1471392000 1.65539
1471478400 -0.712107
1471564800 0.101541
1471651200 0.248165
1471737600 0.86376
1471824000 -0.0571216
1471910400 0.901474
1471996800 -0.438518
1472083200 -0.457762
1472169600 -0.32429
1472256000 0.531838
1472342400 -1.82554
1472428800 0.856765
1472515200 -0.297021
1472601600 0.768692
1472688000 -0.900011
1472774400 0.0525486
1472860800 0.166222
1472947200 3.94392
1473033600 1.45323
1473120000 -0.0397614
1473206400 0.772511
1473292800 1.14444
1473379200 1.69407
1473465600 -0.586691
1473552000 -0.0578936
1473638400 -2.49693
1473724800 0.283277
1473811200 -0.095434
1473897600 0.171058
1473984000 -0.2946
1474070400 -0.168261
1474156800 -0.262856
1474243200 0.643513
1474329600 0.118351
1474416000 -1.30131
1474502400 -0.90111
1474588800 -0.00839722
1474675200 1.00433
1474761600 -0.348116
1474848000 -0.0584156
1474934400 1.24271
1475020800 -0.365069
1475107200 -0.0513156
1475193600 0.272829
1475280000 0.43334
1475366400 0.777921
1475452800 -0.717107
1475539200 0.419755
1475625600 -0.651703
1475712000 0.213872
1475798400 0.288823
1475884800 0.755842
1475971200 -0.0878606
1476057600 -0.208571
1476144000 0.478415
1476230400 3.66575
1476316800 -0.706717
1476403200 -0.0756787
1476489600 0.657121
1476576000 -0.351605
1476662400 0.472184
1476748800 -0.322915
1476835200 -0.150841
1476921600 -1.26116
1477008000 0.144804
1477094400 0.0174896
1477180800 3.97709
1477267200 -0.887012
1477353600 -0.0215826
1477440000 0.518235
1477526400 3.48771
1477612800 1.41198
1477699200 0.175103
1477785600 3.61088
1477872000 -1.97399
1477958400 -0.0315584
1478044800 4.15764
1478131200 2.09731
1478217600 -7.96093
1478304000 2.51901
1478390400 0.108096
1478476800 0.915536
1478563200 -1.00086
1478649600 0.913494
1478736000 1.70397
1478822400 -0.979137
1478908800 0.26837
1478995200 -1.98925
1479081600 -0.270914
1479168000 0.48996
1479254400 1.02342
1479340800 3.95014
1479427200 -0.606124
1479513600 1.85153
1479600000 0.236043
1479686400 -3.20224
1479772800 1.32119
1479859200 1.67705
1479945600 -1.21393
1480032000 -0.616612
1480118400 0.195559
1480204800 -0.976163
1480291200 -0.355469
1480377600 0.304765
1480464000 0.167089
1480550400 1.5345
1480636800 1.26943
1480723200 2.42531
1480809600 -1.20727
1480896000 0.164177
1480982400 -1.55534
1481068800 1.15823
1481155200 0.657927
1481241600 0.372347
1481328000 0.355374
1481414400 0.351526
1481500800 -0.429522
1481587200 1.02597
1481673600 -0.19971
1481760000 0.224163
1481846400 -0.154542
1481932800 0.697404
1482019200 0.917297
1482105600 0.0190212
1482192000 0.294999
1482278400 0.962483
1482364800 4.18107
1482451200 3.21524
1482537600 6.09447
1482624000 -2.36808
1482710400 -0.217577
1482796800 0.719335
1482883200 3.63828
1482969600 4.83939
1483056000 -0.708104
1483142400 -1.0409
1483228800 0.702034
1483315200 3.20284
1483401600 1.47146
1483488000 2.21713
1483574400 7.36649
1483660800 -10.3569
1483747200 -11.6756
1483833600 1.35319
1483920000 0.39098
1484006400 -1.49728
1484092800 0.979311
1484179200 -15.0467
1484265600 3.63828
1484352000 2.25194
1484438400 -0.770646
1484524800 0.285126
1484611200 1.2034
1484697600 8.54242
1484784000 -2.03944
1484870400 1.48825
1484956800 -0.579918
1485043200 2.88064
1485129600 0.192877
1485216000 -1.15521
1485302400 -3.07816
1485388800 0.894941
1485475200 2.36703
1485561600 0.348092
1485648000 0.0631595
1485734400 -0.719982
1485820800 0.871185
1485907200 4.67181
1485993600 2.02096
1486080000 2.5593
1486166400 0.771907
1486252800 1.57941
1486339200 -2.16322
1486425600 1.26976
1486512000 2.74425
1486598400 -0.197824
1486684800 -6.327
1486771200 1.01712
1486857600 1.62515
1486944000 -1.1594
1487030400 0.00599544
1487116800 0.805112
1487203200 0.262323
1487289600 2.07127
1487376000 2.18
1487462400 0.0890211
1487548800 -0.436392
1487635200 3.01549
1487721600 3.67873
1487808000 0.478128
1487894400 4.6275
1487980800 -0.286842
1488067200 -2.39599
1488153600 2.30359
1488240000 1.31359
1488326400 -0.287529
1488412800 2.91053
1488499200 2.51302
1488585600 2.18104
1488672000 -1.99038
1488758400 1.02646
1488844800 0.430337
1488931200 -3.61889
1489017600 -6.96854
1489104000 3.49795
1489190400 -6.41652
1489276800 5.19668
1489363200 4.1676
1489449600 1.28309
1489536000 0.273277
1489622400 1.02931
1489708800 -7.08786
1489795200 -9.06291
1489881600 -9.96894
1489968000 4.88884
1490054400 1.75181
1490140800 7.29786
1490227200 -7.14354
1490313600 -0.765286
1490400000 -10.2801
1490486400 2.86055
1490572800 0.415445
1490659200 7.99658
1490745600 0.390612
1490832000 -0.772138
1490918400 -0.218393
1491004800 3.48037
1491091200 1.26542
1491177600 -0.54858
1491264000 6.0087
1491350400 -0.154736
1491436800 -0.739385
1491523200 4.84048
1491609600 -0.0159563
1491696000 -0.55839
1491782400 1.8551
1491868800 0.313717
1491955200 0.741055
1492041600 -0.561051
1492128000 -3.29243
1492214400 -0.219354
1492300800 0.265382
1492387200 -0.953872
1492473600 1.21685
1492560000 2.18913
1492646400 0.116349
1492732800 2.47821
1492819200 0.760356
1492905600 -0.840602
1492992000 0.710251
1493078400 0.928853
1493164800 1.22257
1493251200 1.48537
1493337600 3.32458
1493424000 -0.0623537
1493510400 0.172692
1493596800 1.28281
1493683200 2.96621
1493769600 4.00884
1493856000 3.75988
1493942400 2.23726
1494028800 -1.46327
1494115200 2.80664
1494201600 -0.25771
1494288000 5.96578
1494374400 4.19906
1494460800 2.9949
1494547200 3.10325
1494633600 -7.7847
1494720000 4.9243
1494806400 0.399339
1494892800 -4.46656
1494979200 -0.355835
1495065600 4.76576
1495152000 5.24427
1495238400 4.11891
1495324800 2.81943
1495411200 0.176607
1495497600 4.00392
1495584000 7.53117
1495670400 6.66526
1495756800 -5.42314
1495843200 -0.555952
1495929600 -10.9731
1496016000 6.44134
1496102400 5.06896
1496188800 -3.94169
1496275200 4.1992
1496361600 4.90883
1496448000 3.07251
1496534400 2.06772
1496620800 -0.420807
1496707200 6.41847
1496793600 6.55364
1496880000 -7.11005
1496966400 4.48132
1497052800 0.579926
1497139200 2.7148
1497225600 1.85274
1497312000 -10.2258
1497398400 1.33929
1497484800 -9.82816
1497571200 -1.02936
1497657600 2.43495
1497744000 5.684
1497830400 -4.39241
1497916800 3.16821
1498003200 5.3216
1498089600 -3.07452
1498176000 2.10192
1498262400 -1.05326
1498348800 -4.86066
1498435200 -2.19904
1498521600 -3.28309
1498608000 5.76869
1498694400 -0.199028
1498780800 -0.717833
1498867200 -3.03993
1498953600 -2.17643
1499040000 3.7411
1499126400 1.82405
1499212800 1.77404
1499299200 0.260819
1499385600 -0.0964774
1499472000 -3.87869
1499558400 1.92462
1499644800 -1.89185
1499731200 -7.30007
1499817600 -0.869589
1499904000 3.49504
1499990400 -2.03095
1500076800 -5.56304
1500163200 -11.6224
1500249600 -2.72023
1500336000 14.9116
1500422400 3.43146
1500508800 -1.68534
1500595200 23.8396
1500681600 -7.39846
1500768000 5.91554
1500854400 -2.99894
1500940800 0.397895
1501027200 -7.33351
1501113600 -1.56512
1501200000 5.44659
1501286400 4.06718
1501372800 -3.49612
1501459200 2.24089
1501545600 4.0533
1501632000 -4.46877
1501718400 -1.01169
1501804800 3.26978
1501891200 2.18231
1501977600 13.3765
1502064000 -1.2602
1502150400 4.98719
1502236800 0.731184
1502323200 -2.05532
1502409600 2.07348
1502496000 6.57724
1502582400 5.60241
1502668800 5.0275
1502755200 6.03908
1502841600 -3.55891
1502928000 5.23102
1503014400 -2.36489
1503100800 -4.21479
1503187200 -0.0109762
1503273600 -1.00293
1503360000 -1.76785
1503446400 2.41522
1503532800 0.564377
1503619200 4.57286
1503705600 1.28555
1503792000 -0.520178
1503878400 0.0991805
1503964800 0.97068
1504051200 4.43949
1504137600 -0.123908
1504224000 3.46232
1504310400 3.88286
1504396800 -6.76194
1504483200 0.138168
1504569600 -7.41644
1504656000 2.75615
1504742400 4.65031
1504828800 0.199549
1504915200 -6.791
1505001600 -0.0760957
1505088000 -1.93329
1505174400 -0.448449
1505260800 -0.829373
1505347200 -7.73731
1505433600 -17.9359
1505520000 13.6538
1505606400 -0.571357
1505692800 -0.43422
1505779200 11.3097
1505865600 -5.32765
1505952000 -0.369433
1506038400 -6.87475
1506124800 -0.134731
1506211200 4.51929
1506297600 -3.08889
1506384000 6.69658
1506470400 -0.767872
1506556800 7.70129
1506643200 -0.344699
1506729600 -0.479541
1506816000 3.79911
1506902400 1.17497
1506988800 0.325248
1507075200 -1.73766
1507161600 -2.25659
1507248000 1.91447
1507334400 1.428
1507420800 1.36065
1507507200 3.88622
1507593600 3.56175
1507680000 -0.323944
1507766400 1.51957
1507852800 12.1323
1507939200 3.77784
1508025600 2.57878
1508112000 -2.04392
1508198400 1.08141
1508284800 -2.71236
1508371200 -0.177555
1508457600 2.06802
1508544000 4.77259
1508630400 0.603802
1508716800 -0.742088
1508803200 -1.65255
1508889600 -6.10603
1508976000 3.77476
1509062400 2.65148
1509148800 -2.02564
1509235200 -0.716364
1509321600 6.85604
1509408000 -0.283585
1509494400 5.00733
1509580800 4.71737
1509667200 4.13793
1509753600 1.62597
1509840000 3.3523
1509926400 -0.210403
1510012800 -5.65831
1510099200 2.32224
1510185600 4.57287
1510272000 -4.34009
1510358400 -8.15555
1510444800 -3.60148
1510531200 -7.94026
1510617600 10.5734
1510704000 1.28389
1510790400 9.86197
1510876800 7.30741
1510963200 -2.21579
1511049600 1.24344
1511136000 3.11092
1511222400 2.58086
1511308800 -1.60505
1511395200 1.4654
1511481600 -2.78634
1511568000 2.59748
1511654400 6.13533
1511740800 6.1509
1511827200 4.60598
1511913600 1.73151
1512000000 -0.445734
1512086400 0.947227
1512172800 8.7997
1512259200 0.32446
1512345600 3.3839
1512432000 3.17631
1512518400 0.548991
1512604800 15.4175
1512691200 19.7606
1512777600 -4.94004
1512864000 -7.84673
1512950400 0.570065
1513036800 11.4305
1513123200 1.08703
1513209600 -2.46244
1513296000 0.979916
1513382400 6.33562
1513468800 9.33318
1513555200 -1.23114
1513641600 -0.0656048
1513728000 -6.77415
1513814400 -7.22075
1513900800 -5.40862
1513987200 -10.9643
1514073600 4.46943
1514160000 -3.55893
1514246400 -1.40328
1514332800 12.5057
1514419200 -2.56691
1514505600 -6.2294
1514592000 -0.597404
1514678400 -12.6953
1514764800 9.35826
1514851200 -3.19599
1514937600 8.7381
1515024000 3.25014
1515110400 -0.0788797
1515196800 11.1386
1515283200 1.30099
1515369600 -6.16688
1515456000 -7.22606
1515542400 -4.05776
1515628800 3.38886
1515715200 -11.7829
1515801600 3.97888
1515888000 2.9765
1515974400 -3.94934
1516060800 -0.48719
1516147200 -17.5636
1516233600 -1.72598
1516320000 0.432762
1516406400 2.67065
1516492800 10.1257
1516579200 -10.0662
1516665600 -6.69815
1516752000 0.386118
1516838400 4.93665
1516924800 -2.17631
1517011200 -0.562646
1517097600 3.13777
1517184000 2.06681
1517270400 -4.57849
1517356800 -11.289
1517443200 1.76933
1517529600 -12.0262
1517616000 -1.79578
1517702400 4.28559
1517788800 -11.9001
1517875200 -17.5224
1517961600 11.8262
1518048000 -1.94782
1518134400 8.48262
1518220800 5.12353
1518307200 -1.55306
1518393600 -5.93185
1518480000 9.81572
1518566400 -4.31717
1518652800 10.7575
1518739200 5.40416
1518825600 1.7612
1518912000 8.50397
1518998400 -6.32064
1519084800 6.96714
1519171200 0.539311
1519257600 -7.23487
1519344000 -5.97495
1519430400 3.22636
1519516800 -4.79653
1519603200 -0.974809
1519689600 7.3706
1519776000 2.3204
1519862400 -2.46659
1519948800 5.54605
1520035200 1.1568
1520121600 3.6935
1520208000 0.159506
1520294400 -0.401038
1520380800 -6.26758
1520467200 -7.94706
1520553600 -6.37233
1520640000 -0.693561
1520726400 -4.85503
1520812800 8.11915
1520899200 -4.44214
1520985600 0.236215
1521072000 -10.9269
1521158400 0.839077
1521244800 -0.0787964
1521331200 -4.93556
1521417600 4.08068
1521504000 4.87062
1521590400 3.50977
1521676800 -0.114958
1521763200 -2.14936
1521849600 2.45248
1521936000 -4.28042
1522022400 -1.09525
1522108800 -3.63327
1522195200 -4.52361
1522281600 1.78978
1522368000 -11.25
1522454400 -3.42082
1522540800 1.1412
1522627200 -1.67518
1522713600 3.45102
1522800000 5.02572
1522886400 -8.6761
1522972800 -0.416457
1523059200 -2.29076
1523145600 4.22883
1523232000 1.76655
1523318400 -3.54673
1523404800 0.782494
1523491200 1.52827
1523577600 13.2431
1523664000 -0.339555
1523750400 1.302
1523836800 4.3274
1523923200 -3.65135
1524009600 -2.05469
1524096000 3.51101
1524182400 1.21807
1524268800 6.86624
1524355200 0.671591
1524441600 -1.57055
1524528000 1.86427
1524614400 7.54753
1524700800 -8.46781
1524787200 4.51567
1524873600 -3.93586
1524960000 4.7786
1525046400 0.462418
1525132800 -1.63964
1525219200 -1.92913
1525305600 1.69615
1525392000 5.38717
1525478400 -0.447239
1525564800 1.37639
1525651200 -2.0704
1525737600 -2.76571
1525824000 -1.92012
1525910400 1.37341
1525996800 -3.29037
1526083200 -6.87456
1526169600 0.863567
1526256000 2.50166
1526342400 -0.25583
1526428800 -2.24265
1526515200 -1.6092
1526601600 -3.40677
1526688000 2.22908
1526774400 -0.214441
1526860800 3.43061
1526947200 -1.49876
1527033600 -4.98007
1527120000 -6.21613
1527206400 1.11322
1527292800 -1.53675
1527379200 -1.82606
1527465600 0.155278
1527552000 -3.24913
1527638400 4.89676
1527724800 -1.26265
1527811200 1.56783
1527897600 0.257534
1527984000 1.72109
1528070400 0.803749
1528156800 -2.83604
1528243200 1.71748
1528329600 0.531404
1528416000 0.400187
1528502400 -0.929884
1528588800 -1.65991
1528675200 -9.97796
1528761600 1.45577
1528848000 -4.80735
1528934400 -3.87375
1529020800 5.21339
1529107200 -3.92021
1529193600 1.51138
1529280000 -0.533331
1529366400 3.86176
1529452800 0.431717
1529539200 0.297337
1529625600 -0.567723
1529712000 -10.3927
1529798400 1.99818
1529884800 -0.388946
1529971200 1.61541
1530057600 -3.01298
1530144000 1.10853
1530230400 -4.84936
1530316800 5.96121
1530403200 2.88298
1530489600 -0.560944
1530576000 4.05811
1530662400 -1.60037
1530748800 1.16498
1530835200 -0.770857
1530921600 0.957189
1531008000 2.44777
1531094400 -0.792929
1531180800 -0.595963
1531267200 -5.66686
1531353600 1.27042
1531440000 -2.15663
1531526400 -0.454113
1531612800 0.455715
1531699200 1.67268
1531785600 5.68983
1531872000 8.40975
1531958400 0.873923
1532044800 1.30054
1532131200 -1.8995
1532217600 1.07295
1532304000 -0.179921
1532390400 4.27447
1532476800 8.49224
1532563200 -2.77218
1532649600 -3.08172
1532736000 3.19164
1532822400 0.585108
1532908800 -0.174248
1532995200 -0.690363
1533081600 -5.47524
1533168000 -1.63403
1533254400 -0.843656
1533340800 -1.59687
1533427200 -5.64428
1533513600 0.322876
1533600000 -1.43836
1533686400 -3.14315
1533772800 -6.68014
1533859200 4.05705
1533945600 -6.36888
1534032000 1.61539
1534118400 1.12886
1534204800 -0.926345
1534291200 -0.948245
1534377600 1.26234
1534464000 0.654867
1534550400 4.13658
1534636800 -2.81706
1534723200 1.30851
1534809600 -3.46593
1534896000 3.42951
1534982400 -1.92464
1535068800 2.6281
1535155200 2.54108
1535241600 0.596608
1535328000 -0.484314
1535414400 2.99986
1535500800 2.52318
1535587200 -0.6799
1535673600 -0.698442
1535760000 0.47624
1535846400 2.36113
1535932800 1.45492
1536019200 -0.430537
1536105600 1.39551
1536192000 -9.82836
1536278400 -2.79563
1536364800 -1.36579
1536451200 -3.52532
1536537600 0.930059
1536624000 1.05201
1536710400 -0.349707
1536796800 0.67384
1536883200 2.5493
1536969600 -0.141797
1537056000 0.67156
1537142400 -0.309828
1537228800 -3.84947
1537315200 1.23654
1537401600 0.881401
1537488000 1.62377
1537574400 3.87394
1537660800 -0.586058
1537747200 -0.116163
1537833600 -1.81731
1537920000 -2.34483
1538006400 0.504559
1538092800 3.34974
1538179200 -1.06618
1538265600 -0.475811
1538352000 0.279726
1538438400 -0.404131
1538524800 -1.08943
1538611200 -0.667298
1538697600 1.39633
1538784000 0.526442
1538870400 -0.579606
1538956800 0.511367
1539043200 0.411459
1539129600 -0.241785
1539216000 -1.08727
1539302400 -5.75978
1539388800 0.474593
1539475200 0.310096
1539561600 -0.294407
1539648000 4.09951
1539734400 0.301637
1539820800 -0.370741
1539907200 -0.640671
1539993600 -0.199067
1540080000 0.459508
1540166400 0.00810838
1540252800 -0.114202
1540339200 -0.197664
1540425600 0.289722
1540512000 -0.290192
1540598400 0.198758
1540684800 0.0243488
1540771200 -0.0326225
1540857600 -2.19467
1540944000 0.046905
1541030400 0.537832
1541116800 0.596636
1541203200 0.148762
1541289600 -0.243271
1541376000 1.36024
1541462400 -0.289436
1541548800 0.689459
1541635200 0.826355
1541721600 -1.48006
1541808000 -1.26454
1541894400 0.383769
1541980800 0.129379
1542067200 -0.623881
1542153600 -0.907716
1542240000 -11.229
1542326400 -0.195154
1542412800 -1.3754
1542499200 -0.0971661
1542585600 1.01062
1542672000 -16.039
1542758400 -8.44391
1542844800 4.18531
1542931200 -6.12495
1543017600 0.464201
1543104000 -12.4663
1543190400 3.96814
1543276800 -5.52041
1543363200 1.1648
1543449600 11.253
1543536000 0.699888
1543622400 -6.78389
1543708800 4.17569
1543795200 -0.930314
1543881600 -6.74895
1543968000 1.78814
1544054400 -5.44409
1544140800 -7.27632
1544227200 -1.65978
1544313600 0.534556
1544400000 3.78046
1544486400 -3.51014
1544572800 -1.61449
1544659200 2.2632
1544745600 -5.00485
1544832000 -2.07425
1544918400 -0.508527
1545004800 0.446864
1545091200 9.06231
1545177600 4.75893
1545264000 0.471731
1545350400 10.0434
1545436800 -5.84222
1545523200 3.53613
1545609600 -0.935559
1545696000 2.31018
1545782400 -6.55327
1545868800 0.791045
1545955200 -5.9009
1546041600 7.84924
1546128000 -4.09859
1546214400 2.8246
1546300800 -3.7855
1546387200 3.46302
1546473600 1.61964
1546560000 -2.55589
1546646400 0.786275
1546732800 -0.679938
1546819200 6.3569
1546905600 -0.876449
1546992000 -0.263739
1547078400 0.180817
1547164800 -9.82417
1547251200 0.120391
1547337600 -0.410807
1547424000 -2.83711
1547510400 4.13221
1547596800 -2.41298
1547683200 0.807207
1547769600 0.886266
1547856000 -0.794792
1547942400 1.96955
1548028800 -3.99847
1548115200 -0.14742
1548201600 1.27458
1548288000 -0.687043
1548374400 0.516915
1548460800 -0.300951
1548547200 -0.124797
1548633600 -0.630011
1548720000 -2.92354
1548806400 -1.19997
1548892800 1.37234
1548979200 -0.690701
1549065600 0.617362
1549152000 0.811585
1549238400 -1.39585
1549324800 -0.146821
1549411200 0.643125
1549497600 -1.97728
1549584000 -0.157348
1549670400 7.55443
1549756800 -0.008833
1549843200 0.763101
1549929600 -1.69577
1550016000 -0.0850183
1550102400 -0.307505
1550188800 -0.405585
1550275200 0.163609
1550361600 0.395707
1550448000 1.25369
1550534400 6.5183
1550620800 0.518577
1550707200 1.1911
1550793600 -0.922051
1550880000 1.00559
1550966400 4.31465
1551052800 -9.7691
1551139200 2.38457
1551225600 -0.673605
1551312000 0.0898133
1551398400 -0.187356
1551484800 0.412982
1551571200 0.0895306
1551657600 -0.551055
1551744000 -2.42688
1551830400 3.85611
1551916800 0.194396
1552003200 0.132067
1552089600 -0.311637
1552176000 1.85006
1552262400 -0.473745
1552348800 -1.25648
1552435200 0.27215
1552521600 -0.292156
1552608000 0.163308
1552694400 1.19754
1552780800 2.25045
1552867200 -0.615928
1552953600 0.103086
1553040000 0.716394
1553126400 0.833409
1553212800 -1.43349
1553299200 0.19758
1553385600 0.0113
1553472000 -0.315121
1553558400 -1.50958
1553644800 0.30818
1553731200 2.58995
1553817600 -0.330193
1553904000 1.91978
1553990400 0.120221
1554076800 0.0283238
1554163200 0.977608
1554249600 16.9227
1554336000 1.60413
1554422400 -1.42201
1554508800 2.64982
1554595200 0.0329328
1554681600 2.92156
1554768000 1.85199
1554854400 -1.81829
1554940800 2.48908
1555027200 -5.51519
1555113600 0.761905
1555200000 -0.243581
1555286400 1.93069
1555372800 -2.65745
1555459200 3.42368
1555545600 0.599648
1555632000 0.910299
1555718400 0.157594
1555804800 0.54634
1555891200 -0.437891
1555977600 1.70658
1556064000 2.6475
1556150400 -1.64728
1556236800 -5.83511
1556323200 0.440136
1556409600 0.265786
1556496000 -0.153535
1556582400 -0.23026
1556668800 2.30167
1556755200 0.933568
1556841600 1.2441
1556928000 4.9492
1557014400 1.86351
1557100800 -0.964451
1557187200 -0.418789
1557273600 1.15556
1557360000 3.23913
1557446400 3.5682
1557532800 2.91691
1557619200 12.9794
1557705600 -3.42653
1557792000 11.3172
1557878400 2.22786
1557964800 2.75033
1558051200 -4.08654
1558137600 -6.93025
1558224000 -1.26291
1558310400 12.0939
1558396800 -2.31888
1558483200 -0.632552
1558569600 -4.26639
1558656000 3.31989
1558742400 1.49632
1558828800 0.817004
1558915200 7.96497
1559001600 0.470536
1559088000 -0.645882
1559174400 -0.63161
1559260800 -4.54968
1559347200 3.18675
1559433600 0.122441
1559520000 2.06152
1559606400 -7.49674
1559692800 -5.55785
1559779200 1.54163
1559865600 0.275164
1559952000 2.46961
1560038400 -0.865853
1560124800 -3.84596
1560211200 4.95959
1560297600 -1.2798
1560384000 3.19585
1560470400 0.721074
1560556800 5.42715
1560643200 1.85113
1560729600 1.31231
1560816000 3.92553
1560902400 -2.76615
1560988800 2.17287
1561075200 2.72931
1561161600 6.95868
1561248000 4.20654
1561334400 1.58797
1561420800 1.81187
1561507200 6.33204
1561593600 9.48791
1561680000 -14.7043
1561766400 10.224
1561852800 -4.09597
1561939200 -9.72901
1562025600 -1.70424
1562112000 2.3496
1562198400 9.99703
1562284800 -7.1214
1562371200 -1.33687
1562457600 2.12684
1562544000 2.08569
1562630400 6.87404
1562716800 2.26208
1562803200 -3.7974
1562889600 -6.36595
1562976000 3.93952
1563062400 -3.71032
1563148800 -11.0161
1563235200 6.25747
1563321600 -14.0539
1563408000 2.84332
1563494400 9.2415
1563580800 -0.972999
1563667200 2.01721
1563753600 -1.40393
1563840000 -2.59376
1563926400 -4.77701
1564012800 -0.850052
1564099200 1.22449
1564185600 -0.375249
1564272000 -3.78319
1564358400 0.603153
1564444800 -0.455394
1564531200 1.02919
1564617600 4.99846
1564704000 3.1464
1564790400 1.16349
1564876800 2.7355
1564963200 1.51724
1565049600 7.13904
1565136000 -2.83646
1565222400 4.27997
1565308800 0.117126
1565395200 -1.05919
1565481600 -5.06858
1565568000 2.23021
1565654400 -1.24239
1565740800 -4.70101
1565827200 -8.04148
1565913600 2.74022
1566000000 0.512206
1566086400 -1.3951
1566172800 1.05311
1566259200 5.72784
1566345600 -1.42936
1566432000 -6.21052
1566518400 -0.114155
1566604800 2.82358
1566691200 -2.45155
1566777600 -0.127671
1566864000 2.13127
1566950400 -1.83044
1567036800 -4.58361
1567123200 -2.3101
1567209600 0.941288
1567296000 0.150204
1567382400 1.79101
1567468800 6.12488
1567555200 2.22016
1567641600 -0.295701
1567728000 -0.119093
1567814400 -2.53448
1567900800 1.68663
1567987200 -0.806437
1568073600 -0.895618
1568160000 -2.07276
1568246400 0.577371
1568332800 2.58466
1568419200 -0.497283
1568505600 -0.12816
1568592000 -0.48042
1568678400 -0.472112
1568764800 -0.601089
1568851200 -0.428941
1568937600 1.16964
1569024000 -1.00301
1569110400 -1.82338
1569196800 0.352897
1569283200 -3.43529
1569369600 -12.59
1569456000 -1.23356
1569542400 -4.57562
1569628800 1.78325
1569715200 0.220611
1569801600 -2.09615
1569888000 3.142
1569974400 0.174933
1570060800 0.651915
1570147200 -1.60718
1570233600 -1.07188
1570320000 -0.0846769
1570406400 -3.63869
1570492800 4.37701
1570579200 -0.329467
1570665600 4.86857
1570752000 -0.0519551
1570838400 -3.75835
1570924800 0.457241
1571011200 -0.246829
1571097600 0.961563
1571184000 -2.51688
1571270400 -1.97195
1571356800 0.963714
1571443200 -1.47541
1571529600 0.0679837
1571616000 3.39927
1571702400 -0.355304
1571788800 -2.22564
1571875200 -7.16757
1571961600 -0.479949
1572048000 15.2823
1572134400 6.5899
1572220800 3.23614
1572307200 -3.62934
1572393600 2.25827
1572480000 -2.76833
1572566400 -0.125166
1572652800 1.00356
1572739200 0.585282
1572825600 -1.0561
1572912000 2.18897
1572998400 -0.967607
1573084800 0.264025
1573171200 -1.46041
1573257600 -4.9177
1573344000 0.510138
1573430400 2.38037
1573516800 -3.42815
1573603200 1.06706
1573689600 -0.550417
1573776000 -1.47833
1573862400 -2.02821
1573948800 0.249467
1574035200 0.172869
1574121600 -3.94365
1574208000 -0.601759
1574294400 -0.409499
1574380800 -6.07743
1574467200 -4.37275
1574553600 0.472949
1574640000 -5.79313
1574726400 3.0476
1574812800 0.519279
1574899200 5.02071
1574985600 -1.21783
1575072000 4.1739
1575158400 -2.65326
1575244800 -1.8447
1575331200 -1.39953
1575417600 -0.126077
1575504000 -1.41606
1575590400 2.64119
1575676800 1.94353
1575763200 -0.436359
1575849600 0.287618
1575936000 -2.47228
1576022400 -1.70992
1576108800 -0.119943
1576195200 -0.263965
1576281600 0.955989
1576368000 -2.77236
1576454400 0.790883
1576540800 -3.32796
1576627200 -4.00054
1576713600 9.7148
1576800000 -1.90274
1576886400 0.621042
1576972800 -0.651398
1577059200 4.94469
1577145600 -2.61086
1577232000 -0.887586
1577318400 -0.771497
1577404800 -0.104143
1577491200 0.799489
1577577600 0.690955
1577664000 1.21649
1577750400 -2.26358
1577836800 -0.72113
1577923200 0.143862
1578009600 -3.22933
1578096000 5.43681
1578182400 0.075868
1578268800 0.166245
1578355200 5.37239
1578441600 4.97875
1578528000 -1.41417
1578614400 -2.99886
1578700800 4.91416
1578787200 -2.26672
1578873600 2.03181
1578960000 -0.930267
1579046400 8.37682
1579132800 -0.0457373
1579219200 -1.13042
1579305600 2.13409
1579392000 0.0335973
1579478400 -2.32337
1579564800 -0.824747
1579651200 1.06926
1579737600 -0.71326
1579824000 -3.25829
1579910400 0.520103
1579996800 -1.10593
1580083200 3.08512
1580169600 3.4783
1580256000 5.38423
1580342400 -1.1329
1580428800 2.33408
1580515200 -1.82872
1580601600 0.527346
1580688000 -0.510838
1580774400 -0.44367
1580860800 -1.39555
1580947200 4.89026
1581033600 1.4062
1581120000 0.498926
1581206400 1.00055
1581292800 2.70957
1581379200 -3.236
1581465600 4.16552
1581552000 0.774094
1581638400 -1.16741
1581724800 1.31476
1581811200 -4.4827
1581897600 0.0320846
1581984000 -2.20039
1582070400 4.91007
1582156800 -5.96156
1582243200 0.177422
1582329600 0.863545
1582416000 -0.289193
1582502400 3.02651
1582588800 -3.18748
1582675200 -3.66304
1582761600 -5.83041
1582848000 0.433422
1582934400 -1.28607
1583020800 -2.04399
1583107200 0.014188
1583193600 4.45314
1583280000 -1.83213
1583366400 -0.0247876
1583452800 3.51744
1583539200 0.956515
1583625600 -2.8799
1583712000 -10.1724
1583798400 -1.22043
1583884800 -0.636198
1583971200 0.615027
1584057600 0
1584144000 14.9559
1584230400 -8.40683
1584316800 3.31562
1584403200 -5.98074
1584489600 5.93039
1584576000 1.22761
1584662400 13.383
1584748800 0.467425
1584835200 -0.360706
1584921600 -6.24538
1585008000 11.0681
1585094400 4.1497
1585180800 -1.13545
1585267200 1.01837
1585353600 -5.85837
1585440000 -1.94715
1585526400 -6.30662
1585612800 8.75034
1585699200 0.208436
1585785600 3.53324
1585872000 2.22871
1585958400 -0.877406
1586044800 2.01208
1586131200 -1.52931
1586217600 8.1762
1586304000 -2.05708
1586390400 2.25993
1586476800 -1.00169
1586563200 -5.88556
1586649600 0.0831409
1586736000 0.369662
1586822400 -0.639249
1586908800 0.22599
1586995200 -3.8638
1587081600 7.17928
1587168000 -1.23772
1587254400 3.33312
1587340800 -1.88849
1587427200 -4.08723
1587513600 0.204148
1587600000 4.04278
1587686400 4.74417
1587772800 0.279518
1587859200 0.558425
1587945600 2.02206
1588032000 1.09349
1588118400 -0.239421
1588204800 12.3665
1588291200 -1.87172
1588377600 2.34974
1588464000 1.69905
1588550400 -0.757667
1588636800 -0.372047
1588723200 1.69646
1588809600 1.41531
1588896000 8.73427
1588982400 -2.0065
1589068800 -2.63393
1589155200 -8.92815
1589241600 -1.81429
1589328000 2.88842
1589414400 5.4039
1589500800 5.00392
1589587200 -5.1037
1589673600 0.886433
1589760000 2.90373
1589846400 0.579856
1589932800 0.557899
1590019200 -2.69329
1590105600 -4.88865
1590192000 1.20093
1590278400 0.125304
1590364800 -5.29185
1590451200 2.19656
1590537600 -0.706138
1590624000 4.09
1590710400 3.91142
1590796800 -1.64586
1590883200 2.9706
1590969600 -2.72073
1591056000 7.73003
1591142400 -6.8748
1591228800 1.49273
1591315200 1.25397
1591401600 -1.76204
